0.000004
0.000002
0.000003
0.000005
0.000010
0.000011
0.000015
0.000021
0.000029
0.000036
0.000045
0.000058
0.000135
0.000122
0.000107
0.000197
0.000156
0.000196
0.000185
0.000261
0.000252
0.000309
0.000350
0.000327
0.000386
0.000426
0.000612
0.000563
0.000629
0.000698
0.000854
0.000913
0.000874
0.001074
0.001333
0.002260
0.001470
0.001395
0.002387
0.002134
0.001901
0.009158
0.002196
0.012117
0.002355
0.002635
0.002534
0.002754
0.011268
0.003136
0.011778
0.003393
0.008743
0.004047
0.004247
0.005015
0.008092
0.006254
0.005202
0.005371
0.005864
0.005049
0.005666
0.006852
0.003614
0.003819
0.006231
0.006380
0.004229
0.004578
0.007267
0.004852
0.008323
0.010532
0.006308
0.006504
0.005936
0.006071
0.006072
0.012435
0.013403
0.020437
0.014736
0.009631
0.013940
0.013823
0.009006
0.009703
0.010722
0.009277
0.014054
0.021148
0.022220
0.025607
0.021819
0.022346
0.016114
